0,0.523438,0.434896,0.039062,0.052083
0,0.450195,0.382812,0.039062,0.052083
0,0.498047,0.432292,0.039062,0.052083
0,0.359375,0.395833,0.039062,0.052083
0,0.588867,0.463542,0.078125,0.104167
0,0.679688,0.609375,0.078125,0.104167
0,0.722656,0.697917,0.156250,0.208333
0,0.410156,0.731771,0.156250,0.208333
0,0.517578,0.611979,0.156250,0.208333
0,0.433594,0.330729,0.078125,0.104167
0,0.484375,0.526042,0.117188,0.156250
0,0.107422,0.468750,0.078125,0.104167
0,0.183594,0.342448,0.078125,0.104167
0,0.312500,0.201823,0.078125,0.104167
0,0.934570,0.438802,0.078125,0.104167
0,0.937500,0.494792,0.117188,0.156250
0,0.881836,0.438802,0.078125,0.104167
0,0.786133,0.484375,0.078125,0.104167
0,0.179688,0.760417,0.117188,0.156250
0,0.934570,0.460938,0.078125,0.104167
0,0.849609,0.468750,0.078125,0.104167
0,0.930664,0.356771,0.078125,0.104167
0,0.384766,0.507812,0.078125,0.104167
0,0.919922,0.419271,0.039062,0.052083
0,0.829102,0.490885,0.078125,0.104167
0,0.744141,0.411458,0.078125,0.104167
0,0.423828,0.524740,0.078125,0.104167
0,0.666016,0.563802,0.156250,0.208333
0,0.765625,0.565104,0.117188,0.156250
0,0.218750,0.734375,0.351562,0.468750
0,0.127930,0.565104,0.195312,0.260417
0,0.304688,0.377604,0.078125,0.104167
0,0.654297,0.548177,0.156250,0.208333
0,0.759766,0.398438,0.117188,0.156250
0,0.654297,0.341146,0.117188,0.156250
0,0.587891,0.417969,0.117188,0.156250
0,0.378906,0.549479,0.195312,0.260417
0,0.132812,0.609375,0.234375,0.312500
0,0.287109,0.471354,0.195312,0.260417
0,0.441406,0.510417,0.351562,0.468750
0,0.687500,0.690104,0.390625,0.520833
0,0.554688,0.442708,0.195312,0.260417
0,0.646484,0.502604,0.351562,0.468750
0,0.472656,0.432292,0.078125,0.104167
0,0.449219,0.419271,0.078125,0.104167
0,0.068359,0.479167,0.117188,0.156250
0,0.574219,0.803385,0.195312,0.260417
0,0.628906,0.481771,0.117188,0.156250
0,0.649414,0.485677,0.117188,0.156250
0,0.771484,0.471354,0.078125,0.104167
0,0.236328,0.716146,0.195312,0.260417
0,0.100586,0.635417,0.195312,0.260417
0,0.253906,0.536458,0.078125,0.104167
0,0.453125,0.701823,0.078125,0.104167
0,0.541992,0.411458,0.078125,0.104167
0,0.558594,0.411458,0.078125,0.104167
0,0.625000,0.395833,0.078125,0.104167
0,0.560547,0.466146,0.078125,0.104167
0,0.500000,0.463542,0.039062,0.052083
0,0.113281,0.674479,0.078125,0.104167
0,0.891602,0.468750,0.078125,0.104167
0,0.537109,0.406250,0.039062,0.052083
0,0.382812,0.442708,0.078125,0.104167
0,0.875000,0.541667,0.117188,0.156250
0,0.416016,0.697917,0.078125,0.104167
0,0.926758,0.434896,0.078125,0.104167
0,0.837891,0.816406,0.117188,0.156250
0,0.582031,0.799479,0.156250,0.208333
0,0.289062,0.539062,0.078125,0.104167
0,0.351562,0.419271,0.039062,0.052083
0,0.462891,0.617188,0.156250,0.208333
0,0.748047,0.515625,0.078125,0.104167
0,0.502930,0.778646,0.273438,0.364583
0,0.773438,0.785156,0.195312,0.260417
0,0.773438,0.781250,0.195312,0.260417
0,0.610352,0.661458,0.156250,0.208333
0,0.562500,0.500000,0.117188,0.156250
0,0.085938,0.750000,0.117188,0.156250
0,0.701172,0.500000,0.078125,0.104167
0,0.443359,0.707031,0.078125,0.104167
0,0.456055,0.648438,0.078125,0.104167
0,0.453125,0.779948,0.156250,0.208333
0,0.755859,0.710938,0.156250,0.208333
0,0.558594,0.424479,0.078125,0.104167
0,0.416016,0.476562,0.078125,0.104167
0,0.568359,0.403646,0.117188,0.156250
0,0.558594,0.404948,0.078125,0.104167
0,0.645508,0.390625,0.078125,0.104167
0,0.595703,0.447917,0.078125,0.104167
0,0.253906,0.520833,0.078125,0.104167
0,0.935547,0.679688,0.117188,0.156250
0,0.958008,0.536458,0.078125,0.104167
0,0.873047,0.536458,0.117188,0.156250
0,0.822266,0.536458,0.078125,0.104167
0,0.472656,0.450521,0.078125,0.104167
0,0.498047,0.447917,0.078125,0.104167
0,0.414062,0.488281,0.078125,0.104167
0,0.441406,0.479167,0.078125,0.104167
0,0.933594,0.507812,0.117188,0.156250
0,0.815430,0.825521,0.117188,0.156250
0,0.674805,0.638021,0.078125,0.104167
0,0.922852,0.473958,0.078125,0.104167
0,0.634766,0.509115,0.117188,0.156250
0,0.544922,0.518229,0.078125,0.104167
0,0.795898,0.669271,0.078125,0.104167
0,0.726562,0.750000,0.117188,0.156250
0,0.335938,0.812500,0.156250,0.208333
0,0.615234,0.776042,0.117188,0.156250
0,0.931641,0.587240,0.117188,0.156250
0,0.355469,0.407552,0.078125,0.104167
0,0.404297,0.388021,0.078125,0.104167
0,0.253906,0.473958,0.078125,0.104167
0,0.308594,0.455729,0.078125,0.104167
0,0.212891,0.463542,0.078125,0.104167
0,0.412109,0.388021,0.039062,0.052083
0,0.482422,0.455729,0.078125,0.104167
0,0.371094,0.453125,0.078125,0.104167
0,0.498047,0.404948,0.078125,0.104167
0,0.304688,0.445312,0.078125,0.104167
0,0.066406,0.533854,0.078125,0.104167
0,0.548828,0.369792,0.039062,0.052083
0,0.330078,0.471354,0.078125,0.104167
0,0.427734,0.572917,0.078125,0.104167
0,0.240234,0.523438,0.078125,0.104167
0,0.281250,0.545573,0.078125,0.104167
0,0.404297,0.502604,0.078125,0.104167
0,0.403320,0.602865,0.078125,0.104167
0,0.444336,0.911458,0.117188,0.156250
0,0.617188,0.399740,0.078125,0.104167
0,0.935547,0.385417,0.078125,0.104167
0,0.687500,0.656250,0.156250,0.208333
0,0.753906,0.513021,0.078125,0.104167
0,0.171875,0.744792,0.078125,0.104167
0,0.120117,0.716146,0.078125,0.104167
0,0.116211,0.716146,0.078125,0.104167
0,0.304688,0.460938,0.078125,0.104167
0,0.344727,0.459635,0.078125,0.104167
0,0.390625,0.442708,0.078125,0.104167
0,0.642578,0.348958,0.078125,0.104167
0,0.599609,0.403646,0.078125,0.104167
0,0.552734,0.427083,0.078125,0.104167
0,0.549805,0.425781,0.039062,0.052083
0,0.345703,0.471354,0.078125,0.104167
0,0.425781,0.591146,0.078125,0.104167
0,0.462891,0.515625,0.078125,0.104167
0,0.685547,0.417969,0.078125,0.104167
0,0.595703,0.416667,0.039062,0.052083
0,0.251953,0.533854,0.078125,0.104167
0,0.330078,0.510417,0.078125,0.104167
0,0.370117,0.494792,0.078125,0.104167
0,0.605469,0.428385,0.078125,0.104167
0,0.583008,0.384115,0.078125,0.104167
0,0.723633,0.364583,0.078125,0.104167
0,0.816406,0.346354,0.078125,0.104167
0,0.621094,0.716146,0.078125,0.104167
0,0.445312,0.903646,0.117188,0.156250
0,0.709961,0.455729,0.078125,0.104167
0,0.611328,0.437500,0.078125,0.104167
0,0.708984,0.494792,0.078125,0.104167
0,0.353516,0.559896,0.117188,0.156250
0,0.751953,0.450521,0.078125,0.104167
0,0.769531,0.403646,0.078125,0.104167
0,0.392578,0.518229,0.078125,0.104167
0,0.562500,0.458333,0.078125,0.104167
0,0.674805,0.393229,0.078125,0.104167
0,0.200195,0.519531,0.117188,0.156250
0,0.698242,0.500000,0.078125,0.104167
0,0.496094,0.709635,0.117188,0.156250
0,0.495117,0.723958,0.117188,0.156250
0,0.566406,0.627604,0.156250,0.208333
0,0.894531,0.411458,0.039062,0.052083
0,0.442383,0.503906,0.078125,0.104167
0,0.469727,0.335938,0.117188,0.156250
0,0.466797,0.578125,0.078125,0.104167
0,0.529297,0.578125,0.078125,0.104167
0,0.092773,0.494792,0.156250,0.208333
0,0.233398,0.606771,0.156250,0.208333
0,0.578125,0.388021,0.078125,0.104167
0,0.353516,0.554688,0.078125,0.104167
0,0.294922,0.809896,0.078125,0.104167
0,0.465820,0.843750,0.117188,0.156250
0,0.826172,0.744792,0.234375,0.312500
0,0.910156,0.575521,0.117188,0.156250
0,0.349609,0.786458,0.156250,0.208333
0,0.667969,0.710938,0.117188,0.156250
0,0.292969,0.335938,0.078125,0.104167
0,0.540039,0.466146,0.039062,0.052083
0,0.341797,0.554688,0.078125,0.104167
0,0.763672,0.740885,0.078125,0.104167
0,0.869141,0.445312,0.117188,0.156250
0,0.437500,0.565104,0.078125,0.104167
0,0.745117,0.430990,0.117188,0.156250
0,0.744141,0.433594,0.117188,0.156250
0,0.144531,0.473958,0.195312,0.260417
0,0.730469,0.257812,0.039062,0.052083
0,0.470703,0.687500,0.078125,0.104167
0,0.380859,0.575521,0.117188,0.156250
0,0.738281,0.468750,0.078125,0.104167
0,0.624023,0.324219,0.078125,0.104167
0,0.268555,0.419271,0.078125,0.104167
0,0.191406,0.393229,0.078125,0.104167
0,0.398438,0.656250,0.078125,0.104167
0,0.148438,0.750000,0.195312,0.260417
0,0.252930,0.731771,0.156250,0.208333
0,0.136719,0.559896,0.117188,0.156250
0,0.750000,0.744792,0.156250,0.208333
0,0.615234,0.562500,0.078125,0.104167
0,0.917969,0.608073,0.117188,0.156250
0,0.376953,0.548177,0.078125,0.104167
0,0.596680,0.567708,0.156250,0.208333
0,0.325195,0.809896,0.195312,0.260417
0,0.613281,0.736979,0.156250,0.208333
0,0.333984,0.735677,0.156250,0.208333
0,0.791992,0.804688,0.195312,0.260417
0,0.667969,0.756510,0.195312,0.260417
0,0.536133,0.720052,0.351562,0.468750
0,0.384766,0.735677,0.390625,0.520833
0,0.410156,0.824219,0.117188,0.156250
0,0.439453,0.708333,0.117188,0.156250
0,0.421875,0.664062,0.117188,0.156250
0,0.197266,0.479167,0.156250,0.208333
0,0.810547,0.640625,0.078125,0.104167
0,0.273438,0.578125,0.078125,0.104167
0,0.300781,0.513021,0.117188,0.156250
0,0.341797,0.526042,0.156250,0.208333
0,0.662109,0.588542,0.117188,0.156250
0,0.703125,0.703125,0.078125,0.104167
0,0.875000,0.641927,0.156250,0.208333
0,0.197266,0.609375,0.078125,0.104167
0,0.863281,0.666667,0.078125,0.104167
0,0.691406,0.552083,0.078125,0.104167
0,0.138672,0.787760,0.078125,0.104167
0,0.193359,0.606771,0.078125,0.104167
0,0.486328,0.486979,0.078125,0.104167
0,0.437500,0.490885,0.078125,0.104167
0,0.172852,0.526042,0.078125,0.104167
0,0.531250,0.796875,0.117188,0.156250
0,0.303711,0.815104,0.117188,0.156250
0,0.228516,0.451823,0.078125,0.104167
0,0.619141,0.406250,0.078125,0.104167
0,0.719727,0.460938,0.078125,0.104167
0,0.855469,0.385417,0.078125,0.104167
0,0.843750,0.783854,0.117188,0.156250
0,0.505859,0.533854,0.078125,0.104167
0,0.400391,0.679688,0.117188,0.156250
0,0.394531,0.755208,0.117188,0.156250
0,0.841797,0.585938,0.195312,0.260417
0,0.816406,0.557292,0.078125,0.104167
0,0.937500,0.927083,0.078125,0.104167
0,0.484375,0.735677,0.078125,0.104167
0,0.492188,0.744792,0.078125,0.104167
0,0.480469,0.748698,0.078125,0.104167
0,0.432617,0.739583,0.039062,0.052083
0,0.338867,0.722656,0.078125,0.104167
0,0.487305,0.743490,0.078125,0.104167
0,0.474609,0.739583,0.078125,0.104167
0,0.341797,0.723958,0.078125,0.104167
0,0.348633,0.722656,0.078125,0.104167
0,0.478516,0.813802,0.078125,0.104167
0,0.430664,0.809896,0.078125,0.104167
0,0.430664,0.809896,0.078125,0.104167
0,0.474609,0.802083,0.078125,0.104167
0,0.425781,0.811198,0.078125,0.104167
0,0.621094,0.718750,0.117188,0.156250
0,0.393555,0.648438,0.078125,0.104167
0,0.365234,0.617188,0.039062,0.052083
0,0.142578,0.807292,0.156250,0.208333
0,0.220703,0.805990,0.117188,0.156250
0,0.693359,0.731771,0.156250,0.208333
0,0.679688,0.673177,0.078125,0.104167
0,0.710938,0.671875,0.078125,0.104167
0,0.895508,0.494792,0.078125,0.104167
0,0.400391,0.770833,0.117188,0.156250
0,0.722656,0.739583,0.078125,0.104167
0,0.349609,0.648438,0.078125,0.104167
0,0.093750,0.486979,0.078125,0.104167
0,0.487305,0.807292,0.156250,0.208333
0,0.651367,0.716146,0.078125,0.104167
0,0.791016,0.680990,0.078125,0.104167
0,0.308594,0.703125,0.078125,0.104167
0,0.324219,0.598958,0.078125,0.104167
0,0.345703,0.548177,0.078125,0.104167
0,0.367188,0.507812,0.117188,0.156250
0,0.367188,0.518229,0.078125,0.104167
0,0.625000,0.694010,0.117188,0.156250
0,0.604492,0.458333,0.078125,0.104167
0,0.168945,0.570312,0.234375,0.312500
0,0.419922,0.408854,0.078125,0.104167
0,0.457031,0.407552,0.078125,0.104167
0,0.214844,0.544271,0.078125,0.104167
0,0.168945,0.576823,0.078125,0.104167
0,0.770508,0.510417,0.117188,0.156250
0,0.736328,0.471354,0.117188,0.156250
0,0.796875,0.321615,0.078125,0.104167
0,0.722656,0.696615,0.117188,0.156250
0,0.691406,0.523438,0.078125,0.104167
0,0.483398,0.473958,0.117188,0.156250
0,0.596680,0.355469,0.078125,0.104167
0,0.785156,0.265625,0.078125,0.104167
0,0.148438,0.783854,0.234375,0.312500
0,0.773438,0.554688,0.078125,0.104167
0,0.246094,0.513021,0.078125,0.104167
0,0.226562,0.486979,0.078125,0.104167
0,0.140625,0.473958,0.078125,0.104167
0,0.781250,0.544271,0.078125,0.104167
0,0.250000,0.872396,0.156250,0.208333
0,0.463867,0.828125,0.234375,0.312500
0,0.529297,0.750000,0.195312,0.260417
0,0.204102,0.861979,0.195312,0.260417
0,0.698242,0.752604,0.195312,0.260417
0,0.332031,0.752604,0.195312,0.260417
0,0.824219,0.648438,0.312500,0.416667
0,0.890625,0.588542,0.195312,0.260417
0,0.823242,0.544271,0.195312,0.260417
0,0.898438,0.578125,0.117188,0.156250
0,0.903320,0.546875,0.117188,0.156250
0,0.934570,0.554688,0.117188,0.156250
0,0.546875,0.593750,0.273438,0.364583
0,0.658203,0.768229,0.195312,0.260417
0,0.922852,0.609375,0.078125,0.104167
0,0.931641,0.580729,0.117188,0.156250
0,0.730469,0.632812,0.117188,0.156250
0,0.683594,0.604167,0.234375,0.312500
0,0.918945,0.578125,0.117188,0.156250
0,0.856445,0.559896,0.078125,0.104167
0,0.898438,0.540365,0.078125,0.104167
0,0.857422,0.541667,0.117188,0.156250
0,0.702148,0.506510,0.156250,0.208333
0,0.804688,0.578125,0.078125,0.104167
0,0.745117,0.559896,0.117188,0.156250
0,0.716797,0.645833,0.156250,0.208333
0,0.910156,0.592448,0.156250,0.208333
0,0.835938,0.587240,0.156250,0.208333
0,0.820312,0.585938,0.117188,0.156250
0,0.166016,0.528646,0.078125,0.104167
0,0.406250,0.486979,0.078125,0.104167
0,0.503906,0.651042,0.078125,0.104167
0,0.246094,0.486979,0.117188,0.156250
0,0.611328,0.705729,0.078125,0.104167
0,0.546875,0.625000,0.078125,0.104167
0,0.419922,0.539062,0.078125,0.104167
0,0.163086,0.497396,0.078125,0.104167
0,0.807617,0.437500,0.078125,0.104167
0,0.796875,0.119792,0.117188,0.156250
0,0.076172,0.528646,0.078125,0.104167
0,0.261719,0.505208,0.078125,0.104167
0,0.312500,0.510417,0.078125,0.104167
0,0.271484,0.554688,0.078125,0.104167
0,0.376953,0.608073,0.078125,0.104167
0,0.525391,0.734375,0.117188,0.156250
0,0.769531,0.501302,0.078125,0.104167
0,0.077148,0.539062,0.078125,0.104167
0,0.308594,0.576823,0.117188,0.156250
0,0.360352,0.598958,0.117188,0.156250
0,0.190430,0.537760,0.117188,0.156250
0,0.234375,0.527344,0.078125,0.104167
0,0.154297,0.541667,0.078125,0.104167
0,0.302734,0.588542,0.117188,0.156250
0,0.694336,0.802083,0.078125,0.104167
0,0.085938,0.523438,0.078125,0.104167
0,0.587891,0.569010,0.078125,0.104167
0,0.439453,0.572917,0.117188,0.156250
0,0.633789,0.640625,0.078125,0.104167
0,0.416016,0.283854,0.078125,0.104167
0,0.802734,0.808594,0.195312,0.260417
0,0.142578,0.648438,0.156250,0.208333
0,0.855469,0.578125,0.156250,0.208333
0,0.697266,0.553385,0.078125,0.104167
0,0.780273,0.550781,0.078125,0.104167
0,0.650391,0.606771,0.078125,0.104167
0,0.546875,0.606771,0.078125,0.104167
0,0.267578,0.617188,0.078125,0.104167
0,0.699219,0.455729,0.078125,0.104167
0,0.425781,0.507812,0.117188,0.156250
0,0.472656,0.507812,0.117188,0.156250
0,0.654297,0.503906,0.078125,0.104167
0,0.367188,0.734375,0.234375,0.312500
0,0.457031,0.723958,0.351562,0.468750
0,0.675781,0.697917,0.273438,0.364583
0,0.652344,0.700521,0.234375,0.312500
0,0.442383,0.809896,0.195312,0.260417
0,0.499023,0.819010,0.195312,0.260417
0,0.624023,0.830729,0.117188,0.156250
0,0.644531,0.830729,0.195312,0.260417
0,0.532227,0.807292,0.117188,0.156250
0,0.767578,0.786458,0.117188,0.156250
0,0.669922,0.808594,0.156250,0.208333
0,0.558594,0.770833,0.117188,0.156250
0,0.298828,0.713542,0.078125,0.104167
0,0.546875,0.773438,0.117188,0.156250
0,0.498047,0.761719,0.117188,0.156250
0,0.502930,0.789062,0.156250,0.208333
0,0.382812,0.740885,0.078125,0.104167
0,0.826172,0.861979,0.117188,0.156250
0,0.659180,0.861979,0.117188,0.156250
0,0.244141,0.570312,0.078125,0.104167
0,0.439453,0.575521,0.078125,0.104167
0,0.200195,0.617188,0.078125,0.104167
0,0.137695,0.763021,0.117188,0.156250
0,0.249023,0.729167,0.156250,0.208333
0,0.333984,0.466146,0.078125,0.104167
0,0.236328,0.481771,0.078125,0.104167
0,0.304688,0.773438,0.078125,0.104167
0,0.623047,0.757812,0.156250,0.208333
0,0.255859,0.805990,0.117188,0.156250
0,0.727539,0.582031,0.156250,0.208333
0,0.263672,0.768229,0.078125,0.104167
0,0.684570,0.864583,0.117188,0.156250
0,0.496094,0.734375,0.078125,0.104167
0,0.373047,0.412760,0.195312,0.260417
0,0.457031,0.236979,0.117188,0.156250
0,0.250000,0.391927,0.234375,0.312500
0,0.266602,0.395833,0.156250,0.208333
0,0.169922,0.614583,0.117188,0.156250
0,0.252930,0.536458,0.078125,0.104167
0,0.598633,0.509115,0.117188,0.156250
0,0.735352,0.518229,0.078125,0.104167
0,0.851562,0.526042,0.078125,0.104167
0,0.840820,0.585938,0.117188,0.156250
0,0.837891,0.572917,0.078125,0.104167
0,0.371094,0.471354,0.078125,0.104167
0,0.381836,0.559896,0.156250,0.208333
0,0.184570,0.562500,0.117188,0.156250
0,0.060547,0.567708,0.117188,0.156250
0,0.481445,0.809896,0.117188,0.156250
0,0.347656,0.571615,0.117188,0.156250
0,0.791016,0.755208,0.156250,0.208333
0,0.771484,0.718750,0.117188,0.156250
0,0.531250,0.632812,0.078125,0.104167
0,0.595703,0.494792,0.078125,0.104167
0,0.570312,0.513021,0.117188,0.156250
0,0.720703,0.451823,0.117188,0.156250
0,0.595703,0.720052,0.156250,0.208333
0,0.363281,0.494792,0.117188,0.156250
0,0.422852,0.528646,0.156250,0.208333
0,0.426758,0.526042,0.117188,0.156250
0,0.511719,0.529948,0.117188,0.156250
0,0.204102,0.522135,0.117188,0.156250
0,0.170898,0.542969,0.156250,0.208333
0,0.563477,0.429688,0.156250,0.208333
0,0.326172,0.596354,0.195312,0.260417
0,0.505859,0.529948,0.156250,0.208333
0,0.474609,0.549479,0.117188,0.156250
0,0.343750,0.588542,0.078125,0.104167
0,0.808594,0.641927,0.195312,0.260417
0,0.646484,0.752604,0.117188,0.156250
0,0.426758,0.559896,0.390625,0.520833
0,0.576172,0.380208,0.234375,0.312500
0,0.153320,0.513021,0.156250,0.208333
0,0.271484,0.795573,0.117188,0.156250
0,0.320312,0.773438,0.117188,0.156250
0,0.363281,0.477865,0.078125,0.104167
0,0.128906,0.664062,0.117188,0.156250
0,0.839844,0.559896,0.078125,0.104167
0,0.694336,0.585938,0.078125,0.104167
0,0.222656,0.743490,0.117188,0.156250
0,0.450195,0.695312,0.078125,0.104167
0,0.592773,0.605469,0.078125,0.104167
0,0.359375,0.570312,0.117188,0.156250
0,0.878906,0.523438,0.117188,0.156250
0,0.437500,0.442708,0.117188,0.156250
0,0.332031,0.404948,0.078125,0.104167
0,0.271484,0.402344,0.078125,0.104167
0,0.598633,0.533854,0.195312,0.260417
0,0.826172,0.539062,0.156250,0.208333
0,0.786133,0.536458,0.156250,0.208333
0,0.477539,0.434896,0.117188,0.156250
0,0.357422,0.481771,0.078125,0.104167
0,0.882812,0.536458,0.156250,0.208333
0,0.426758,0.377604,0.117188,0.156250
0,0.751953,0.786458,0.117188,0.156250
0,0.498047,0.578125,0.156250,0.208333
0,0.505859,0.751302,0.156250,0.208333
0,0.642578,0.622396,0.078125,0.104167
0,0.775391,0.540365,0.117188,0.156250
0,0.564453,0.536458,0.156250,0.208333
0,0.738281,0.554688,0.195312,0.260417
0,0.445312,0.434896,0.156250,0.208333
0,0.269531,0.399740,0.078125,0.104167
0,0.489258,0.550781,0.078125,0.104167
0,0.572266,0.574219,0.078125,0.104167
0,0.399414,0.442708,0.078125,0.104167
0,0.693359,0.570312,0.078125,0.104167
0,0.667969,0.507812,0.117188,0.156250
0,0.666016,0.468750,0.078125,0.104167
0,0.462891,0.574219,0.117188,0.156250
0,0.158203,0.552083,0.117188,0.156250
0,0.626953,0.651042,0.078125,0.104167
0,0.644531,0.437500,0.078125,0.104167
0,0.773438,0.783854,0.117188,0.156250
0,0.693359,0.779948,0.078125,0.104167
0,0.679688,0.582031,0.078125,0.104167
0,0.166992,0.656250,0.117188,0.156250
0,0.187500,0.763021,0.117188,0.156250
0,0.380859,0.390625,0.078125,0.104167
0,0.720703,0.390625,0.078125,0.104167
0,0.292969,0.419271,0.117188,0.156250
0,0.507812,0.595052,0.117188,0.156250
0,0.519531,0.481771,0.078125,0.104167
0,0.538086,0.792969,0.078125,0.104167
0,0.533203,0.614583,0.078125,0.104167
0,0.615234,0.459635,0.078125,0.104167
0,0.570312,0.593750,0.078125,0.104167
0,0.605469,0.750000,0.117188,0.156250
0,0.640625,0.533854,0.078125,0.104167
0,0.507812,0.664062,0.195312,0.260417
0,0.383789,0.760417,0.195312,0.260417
0,0.176758,0.880208,0.117188,0.156250
0,0.389648,0.609375,0.195312,0.260417
0,0.654297,0.401042,0.195312,0.260417
0,0.771484,0.653646,0.117188,0.156250
0,0.277344,0.763021,0.117188,0.156250
0,0.166016,0.833333,0.117188,0.156250
0,0.453125,0.850260,0.156250,0.208333
0,0.673828,0.778646,0.117188,0.156250
0,0.335938,0.622396,0.117188,0.156250
0,0.568359,0.587240,0.117188,0.156250
0,0.410156,0.514323,0.156250,0.208333
0,0.279297,0.528646,0.195312,0.260417
0,0.483398,0.453125,0.156250,0.208333
0,0.304688,0.585938,0.156250,0.208333
0,0.408203,0.489583,0.273438,0.364583
0,0.455078,0.533854,0.234375,0.312500
0,0.412109,0.734375,0.195312,0.260417
0,0.176758,0.498698,0.078125,0.104167
0,0.830078,0.583333,0.234375,0.312500
0,0.246094,0.346354,0.078125,0.104167
0,0.222656,0.559896,0.078125,0.104167
0,0.271484,0.410156,0.078125,0.104167
0,0.742188,0.731771,0.195312,0.260417
0,0.413086,0.838542,0.156250,0.208333
0,0.404297,0.608073,0.195312,0.260417
0,0.558594,0.388021,0.078125,0.104167
0,0.610352,0.393229,0.117188,0.156250
0,0.547852,0.346354,0.078125,0.104167
0,0.508789,0.648438,0.195312,0.260417
0,0.453125,0.432292,0.156250,0.208333
0,0.521484,0.817708,0.234375,0.312500
0,0.511719,0.468750,0.156250,0.208333
0,0.366211,0.424479,0.078125,0.104167
0,0.187500,0.447917,0.078125,0.104167
0,0.654297,0.539062,0.078125,0.104167
0,0.143555,0.515625,0.156250,0.208333
0,0.245117,0.786458,0.273438,0.364583
0,0.272461,0.596354,0.156250,0.208333
0,0.479492,0.630208,0.156250,0.208333
0,0.820312,0.776042,0.234375,0.312500
0,0.318359,0.502604,0.078125,0.104167
0,0.318359,0.502604,0.078125,0.104167
0,0.250000,0.494792,0.078125,0.104167
0,0.447266,0.510417,0.117188,0.156250
0,0.564453,0.526042,0.117188,0.156250
0,0.804688,0.671875,0.117188,0.156250
0,0.559570,0.809896,0.234375,0.312500
0,0.504883,0.815104,0.273438,0.364583
0,0.318359,0.821615,0.234375,0.312500
0,0.302734,0.611979,0.195312,0.260417
0,0.795898,0.652344,0.195312,0.260417
0,0.777344,0.626302,0.156250,0.208333
0,0.389648,0.572917,0.117188,0.156250
0,0.533203,0.526042,0.117188,0.156250
0,0.640625,0.502604,0.078125,0.104167
0,0.574219,0.427083,0.117188,0.156250
0,0.458984,0.371094,0.078125,0.104167
0,0.337891,0.450521,0.078125,0.104167
0,0.164062,0.385417,0.078125,0.104167
0,0.292969,0.330729,0.039062,0.052083
0,0.136719,0.583333,0.156250,0.208333
0,0.171875,0.510417,0.117188,0.156250
0,0.230469,0.486979,0.078125,0.104167
0,0.249023,0.321615,0.078125,0.104167
0,0.600586,0.707031,0.156250,0.208333
0,0.882812,0.628906,0.156250,0.208333
0,0.369141,0.588542,0.117188,0.156250
0,0.355469,0.449219,0.078125,0.104167
0,0.443359,0.523438,0.078125,0.104167
0,0.209961,0.472656,0.078125,0.104167
0,0.064453,0.536458,0.078125,0.104167
0,0.527344,0.416667,0.078125,0.104167
0,0.658203,0.476562,0.039062,0.052083
0,0.148438,0.778646,0.117188,0.156250
0,0.201172,0.591146,0.078125,0.104167
0,0.378906,0.555990,0.273438,0.364583
0,0.674805,0.613281,0.195312,0.260417
0,0.808594,0.825521,0.234375,0.312500
0,0.563477,0.835938,0.195312,0.260417
0,0.451172,0.587240,0.117188,0.156250
0,0.216797,0.662760,0.078125,0.104167
0,0.889648,0.526042,0.078125,0.104167
0,0.558594,0.625000,0.117188,0.156250
0,0.311523,0.687500,0.117188,0.156250
0,0.444336,0.798177,0.117188,0.156250
0,0.279297,0.528646,0.078125,0.104167
0,0.380859,0.539062,0.117188,0.156250
0,0.837891,0.621094,0.078125,0.104167
0,0.595703,0.651042,0.117188,0.156250
0,0.586914,0.630208,0.234375,0.312500
0,0.654297,0.566406,0.156250,0.208333
0,0.695312,0.552083,0.078125,0.104167
0,0.306641,0.837240,0.156250,0.208333
0,0.457031,0.865885,0.195312,0.260417
0,0.166016,0.562500,0.312500,0.416667
0,0.587891,0.713542,0.234375,0.312500
0,0.467773,0.645833,0.156250,0.208333
0,0.292969,0.536458,0.117188,0.156250
0,0.906250,0.666667,0.117188,0.156250
0,0.697266,0.630208,0.156250,0.208333
0,0.599609,0.614583,0.117188,0.156250
0,0.666016,0.601562,0.156250,0.208333
0,0.369141,0.700521,0.234375,0.312500
0,0.576172,0.567708,0.195312,0.260417
0,0.613281,0.614583,0.234375,0.312500
0,0.666016,0.622396,0.195312,0.260417
0,0.553711,0.585938,0.195312,0.260417
0,0.444336,0.644531,0.195312,0.260417
0,0.546875,0.579427,0.195312,0.260417
0,0.394531,0.507812,0.156250,0.208333
0,0.598633,0.635417,0.234375,0.312500
0,0.589844,0.627604,0.156250,0.208333
0,0.886719,0.682292,0.195312,0.260417
0,0.625000,0.523438,0.078125,0.104167
0,0.573242,0.513021,0.117188,0.156250
0,0.302734,0.515625,0.234375,0.312500
0,0.208984,0.580729,0.195312,0.260417
0,0.345703,0.582031,0.195312,0.260417
0,0.309570,0.588542,0.234375,0.312500
0,0.444336,0.587240,0.156250,0.208333
0,0.100586,0.580729,0.195312,0.260417
0,0.322266,0.601562,0.195312,0.260417
0,0.769531,0.604167,0.195312,0.260417
0,0.461914,0.635417,0.195312,0.260417
0,0.469727,0.627604,0.195312,0.260417
0,0.302734,0.618490,0.234375,0.312500
0,0.462891,0.604167,0.195312,0.260417
0,0.458984,0.604167,0.195312,0.260417
0,0.523438,0.617188,0.195312,0.260417
0,0.177734,0.570312,0.156250,0.208333
0,0.077148,0.572917,0.117188,0.156250
0,0.736328,0.670573,0.273438,0.364583
0,0.244141,0.591146,0.234375,0.312500
0,0.205078,0.601562,0.156250,0.208333
0,0.448242,0.619792,0.195312,0.260417
0,0.598633,0.592448,0.078125,0.104167
0,0.714844,0.591146,0.156250,0.208333
0,0.712891,0.723958,0.390625,0.520833
0,0.568359,0.625000,0.234375,0.312500
0,0.513672,0.661458,0.273438,0.364583
0,0.671875,0.800781,0.273438,0.364583
0,0.634766,0.618490,0.234375,0.312500
0,0.552734,0.713542,0.312500,0.416667
0,0.232422,0.708333,0.273438,0.364583
0,0.251953,0.664062,0.234375,0.312500
0,0.193359,0.671875,0.195312,0.260417
0,0.326172,0.654948,0.234375,0.312500
0,0.359375,0.653646,0.234375,0.312500
0,0.667969,0.635417,0.195312,0.260417
0,0.498047,0.690104,0.156250,0.208333
0,0.412109,0.718750,0.195312,0.260417
0,0.509766,0.579427,0.156250,0.208333
0,0.417969,0.591146,0.117188,0.156250
0,0.486328,0.682292,0.156250,0.208333
0,0.930664,0.778646,0.117188,0.156250
0,0.574219,0.750000,0.117188,0.156250
0,0.294922,0.736979,0.156250,0.208333
0,0.585938,0.773438,0.195312,0.260417
0,0.640625,0.567708,0.195312,0.260417
0,0.131836,0.674479,0.195312,0.260417
0,0.125000,0.658854,0.234375,0.312500
0,0.680664,0.575521,0.234375,0.312500
0,0.166016,0.677083,0.195312,0.260417
0,0.627930,0.557292,0.156250,0.208333
0,0.474609,0.583333,0.117188,0.156250
0,0.127930,0.677083,0.156250,0.208333
0,0.609375,0.617188,0.156250,0.208333
0,0.424805,0.658854,0.195312,0.260417
0,0.496094,0.598958,0.117188,0.156250
0,0.579102,0.585938,0.117188,0.156250
0,0.896484,0.514323,0.156250,0.208333
0,0.156250,0.651042,0.156250,0.208333
0,0.230469,0.656250,0.156250,0.208333
0,0.208984,0.658854,0.156250,0.208333
0,0.548828,0.627604,0.117188,0.156250
0,0.886719,0.648438,0.117188,0.156250
0,0.228516,0.628906,0.156250,0.208333
0,0.689453,0.593750,0.312500,0.416667
0,0.806641,0.583333,0.273438,0.364583
0,0.511719,0.647135,0.234375,0.312500
0,0.552734,0.580729,0.117188,0.156250
0,0.173828,0.585938,0.156250,0.208333
0,0.140625,0.583333,0.195312,0.260417
0,0.595703,0.585938,0.117188,0.156250
0,0.317383,0.601562,0.117188,0.156250
0,0.083984,0.585938,0.117188,0.156250
0,0.220703,0.600260,0.078125,0.104167
0,0.044922,0.572917,0.078125,0.104167
0,0.433594,0.598958,0.117188,0.156250
0,0.103516,0.578125,0.156250,0.208333
0,0.281250,0.598958,0.117188,0.156250
0,0.068359,0.593750,0.117188,0.156250
0,0.195312,0.601562,0.156250,0.208333
0,0.238281,0.600260,0.195312,0.260417
0,0.275391,0.606771,0.156250,0.208333
0,0.757812,0.578125,0.117188,0.156250
0,0.117188,0.582031,0.078125,0.104167
0,0.205078,0.589844,0.117188,0.156250
0,0.263672,0.593750,0.117188,0.156250
0,0.439453,0.598958,0.117188,0.156250
0,0.044922,0.578125,0.078125,0.104167
0,0.848633,0.583333,0.078125,0.104167
0,0.238281,0.598958,0.117188,0.156250
0,0.330078,0.604167,0.117188,0.156250
0,0.214844,0.601562,0.117188,0.156250
0,0.159180,0.593750,0.156250,0.208333
0,0.236328,0.600260,0.156250,0.208333
0,0.252930,0.598958,0.117188,0.156250
0,0.263672,0.604167,0.117188,0.156250
0,0.225586,0.593750,0.117188,0.156250
0,0.269531,0.595052,0.117188,0.156250
0,0.319336,0.605469,0.156250,0.208333
0,0.100586,0.591146,0.156250,0.208333
0,0.209961,0.601562,0.117188,0.156250
0,0.496094,0.614583,0.195312,0.260417
0,0.647461,0.611979,0.156250,0.208333
0,0.173828,0.596354,0.156250,0.208333
0,0.283203,0.606771,0.117188,0.156250
0,0.136719,0.596354,0.117188,0.156250
0,0.281250,0.587240,0.117188,0.156250
0,0.197266,0.605469,0.117188,0.156250
0,0.292969,0.606771,0.117188,0.156250
0,0.067383,0.589844,0.117188,0.156250
0,0.236328,0.604167,0.117188,0.156250
0,0.775391,0.606771,0.156250,0.208333
0,0.089844,0.589844,0.117188,0.156250
0,0.148438,0.585938,0.078125,0.104167
0,0.090820,0.589844,0.117188,0.156250
0,0.794922,0.609375,0.117188,0.156250
0,0.728516,0.622396,0.156250,0.208333
0,0.747070,0.614583,0.156250,0.208333
0,0.789062,0.565104,0.117188,0.156250
0,0.229492,0.602865,0.117188,0.156250
0,0.265625,0.606771,0.117188,0.156250
0,0.308594,0.598958,0.117188,0.156250
0,0.242188,0.601562,0.117188,0.156250
0,0.230469,0.601562,0.117188,0.156250
0,0.160156,0.593750,0.156250,0.208333
0,0.521484,0.627604,0.156250,0.208333
0,0.471680,0.625000,0.156250,0.208333
0,0.898438,0.609375,0.156250,0.208333
0,0.761719,0.617188,0.156250,0.208333
0,0.641602,0.622396,0.156250,0.208333
0,0.118164,0.593750,0.156250,0.208333
0,0.173828,0.595052,0.156250,0.208333
0,0.363281,0.743490,0.195312,0.260417
0,0.380859,0.828125,0.234375,0.312500
0,0.431641,0.571615,0.117188,0.156250
0,0.361328,0.542969,0.117188,0.156250
0,0.357422,0.546875,0.078125,0.104167
0,0.265625,0.510417,0.078125,0.104167
0,0.166016,0.619792,0.117188,0.156250
0,0.600586,0.634115,0.195312,0.260417
0,0.876953,0.614583,0.195312,0.260417
0,0.159180,0.643229,0.195312,0.260417
0,0.271484,0.580729,0.195312,0.260417
0,0.832031,0.625000,0.195312,0.260417
0,0.335938,0.638021,0.195312,0.260417
0,0.378906,0.518229,0.156250,0.208333
0,0.644531,0.526042,0.156250,0.208333
0,0.505859,0.625000,0.156250,0.208333
0,0.365234,0.632812,0.117188,0.156250
0,0.341797,0.632812,0.117188,0.156250
0,0.418945,0.623698,0.156250,0.208333
0,0.399414,0.622396,0.117188,0.156250
0,0.669922,0.625000,0.234375,0.312500
0,0.412109,0.656250,0.195312,0.260417
0,0.381836,0.626302,0.195312,0.260417
0,0.113281,0.648438,0.195312,0.260417
0,0.863281,0.647135,0.156250,0.208333
0,0.656250,0.515625,0.078125,0.104167
0,0.546875,0.393229,0.078125,0.104167
0,0.500000,0.513021,0.156250,0.208333
0,0.414062,0.511719,0.156250,0.208333
0,0.312500,0.519531,0.156250,0.208333
0,0.601562,0.510417,0.195312,0.260417
0,0.775391,0.645833,0.312500,0.416667
0,0.757812,0.697917,0.117188,0.156250
0,0.345703,0.671875,0.234375,0.312500
0,0.674805,0.658854,0.195312,0.260417
0,0.554688,0.658854,0.195312,0.260417
0,0.691406,0.615885,0.195312,0.260417
0,0.541016,0.640625,0.195312,0.260417
0,0.800781,0.570312,0.156250,0.208333
0,0.873047,0.604167,0.195312,0.260417
0,0.283203,0.752604,0.156250,0.208333
0,0.158203,0.734375,0.195312,0.260417
0,0.382812,0.649740,0.117188,0.156250
0,0.762695,0.529948,0.195312,0.260417
0,0.669922,0.559896,0.195312,0.260417
0,0.273438,0.664062,0.156250,0.208333
0,0.488281,0.764323,0.273438,0.364583
0,0.392578,0.761719,0.195312,0.260417
0,0.113281,0.705729,0.117188,0.156250
0,0.507812,0.833333,0.195312,0.260417
0,0.370117,0.782552,0.156250,0.208333
0,0.369141,0.786458,0.156250,0.208333
0,0.236328,0.783854,0.156250,0.208333
0,0.194336,0.734375,0.195312,0.260417
0,0.214844,0.733073,0.117188,0.156250
0,0.163086,0.717448,0.117188,0.156250
0,0.868164,0.679688,0.195312,0.260417
0,0.154297,0.631510,0.156250,0.208333
0,0.539062,0.697917,0.195312,0.260417
0,0.389648,0.736979,0.234375,0.312500
0,0.527344,0.790365,0.273438,0.364583
0,0.734375,0.671875,0.156250,0.208333
0,0.279297,0.666667,0.078125,0.104167
0,0.330078,0.649740,0.078125,0.104167
0,0.330078,0.649740,0.078125,0.104167
0,0.295898,0.763021,0.156250,0.208333
0,0.845703,0.617188,0.234375,0.312500
0,0.597656,0.540365,0.117188,0.156250
0,0.546875,0.598958,0.156250,0.208333
0,0.505859,0.565104,0.156250,0.208333
0,0.597656,0.536458,0.195312,0.260417
0,0.690430,0.492188,0.156250,0.208333
0,0.897461,0.390625,0.078125,0.104167
0,0.775391,0.643229,0.156250,0.208333
0,0.556641,0.591146,0.195312,0.260417
0,0.193359,0.773438,0.234375,0.312500
0,0.687500,0.653646,0.117188,0.156250
0,0.572266,0.667969,0.195312,0.260417
0,0.412109,0.691406,0.234375,0.312500
0,0.792969,0.658854,0.195312,0.260417
0,0.904297,0.648438,0.117188,0.156250
0,0.742188,0.669271,0.195312,0.260417
0,0.566406,0.658854,0.195312,0.260417
0,0.111328,0.643229,0.195312,0.260417
0,0.720703,0.583333,0.156250,0.208333
0,0.547852,0.540365,0.156250,0.208333
0,0.466797,0.524740,0.117188,0.156250
0,0.429688,0.493490,0.078125,0.104167
0,0.935547,0.657552,0.117188,0.156250
0,0.668945,0.625000,0.195312,0.260417
0,0.653320,0.622396,0.156250,0.208333
0,0.552734,0.598958,0.156250,0.208333
0,0.498047,0.585938,0.117188,0.156250
0,0.758789,0.588542,0.156250,0.208333
0,0.640625,0.575521,0.156250,0.208333
0,0.596680,0.559896,0.156250,0.208333
0,0.748047,0.588542,0.156250,0.208333
0,0.201172,0.523438,0.156250,0.208333
0,0.123047,0.515625,0.234375,0.312500
0,0.802734,0.596354,0.156250,0.208333
0,0.656250,0.562500,0.156250,0.208333
0,0.146484,0.562500,0.117188,0.156250
0,0.132812,0.460938,0.117188,0.156250
0,0.166016,0.536458,0.195312,0.260417
0,0.756836,0.591146,0.195312,0.260417
0,0.408203,0.557292,0.195312,0.260417
0,0.406250,0.555990,0.156250,0.208333
0,0.291992,0.542969,0.117188,0.156250
0,0.328125,0.529948,0.156250,0.208333
0,0.443359,0.545573,0.156250,0.208333
0,0.654297,0.580729,0.195312,0.260417
0,0.754883,0.593750,0.156250,0.208333
0,0.580078,0.602865,0.156250,0.208333
0,0.170898,0.505208,0.078125,0.104167
0,0.322266,0.593750,0.117188,0.156250
0,0.611328,0.755208,0.156250,0.208333
0,0.136719,0.739583,0.234375,0.312500
0,0.195312,0.752604,0.234375,0.312500
0,0.312500,0.772135,0.195312,0.260417
0,0.486328,0.579427,0.156250,0.208333
0,0.099609,0.718750,0.195312,0.260417
0,0.639648,0.631510,0.156250,0.208333
0,0.476562,0.578125,0.156250,0.208333
0,0.750000,0.596354,0.195312,0.260417
0,0.566406,0.565104,0.195312,0.260417
0,0.446289,0.542969,0.156250,0.208333
0,0.357422,0.522135,0.117188,0.156250
0,0.250000,0.570312,0.117188,0.156250
0,0.490234,0.524740,0.156250,0.208333
0,0.707031,0.667969,0.195312,0.260417
0,0.142578,0.583333,0.195312,0.260417
0,0.226562,0.563802,0.117188,0.156250
0,0.273438,0.515625,0.117188,0.156250
0,0.353516,0.557292,0.117188,0.156250
0,0.291016,0.528646,0.078125,0.104167
0,0.511719,0.614583,0.156250,0.208333
0,0.277344,0.489583,0.078125,0.104167
0,0.382812,0.541667,0.156250,0.208333
0,0.492188,0.570312,0.156250,0.208333
0,0.621094,0.584635,0.156250,0.208333
0,0.304688,0.541667,0.117188,0.156250
0,0.534180,0.763021,0.273438,0.364583
0,0.169922,0.750000,0.312500,0.416667
0,0.206055,0.613281,0.273438,0.364583
0,0.321289,0.628906,0.195312,0.260417
0,0.443359,0.690104,0.234375,0.312500
0,0.396484,0.627604,0.312500,0.416667
0,0.376953,0.679688,0.273438,0.364583
0,0.240234,0.686198,0.273438,0.364583
0,0.859375,0.651042,0.195312,0.260417
0,0.539062,0.591146,0.234375,0.312500
0,0.457031,0.750000,0.156250,0.208333
0,0.582031,0.746094,0.273438,0.364583
0,0.710938,0.759115,0.273438,0.364583
0,0.681641,0.550781,0.117188,0.156250
